# Windowed IMU NJS Results
# Source: 003 1 2023-11-7 17-10-06.txt
# Window: 1.0 sec (last window partial if needed)
# Gap threshold for segments: 0.1 sec
# NJS proxy = (∫ jerk^2 dt * T^2) / (∫ accel^2 dt)
# is_task=1 means window mostly inside rehab activity (SideToSide/Pour/VerticalSip/VerticalShelf)

t_mid_abs	window_start_s	window_end_s	njs	is_task	activity	segment_id
0.500	0.000	1.000	1.238352	0	None	1
1.500	1.000	2.000	1.543098	0	None	1
2.500	2.000	3.000	1.181672	0	VerticalShelf	1
3.500	3.000	4.000	1.316695	1	VerticalShelf	1
4.500	4.000	5.000	1.769097	0	HandLeft	1
5.500	5.000	6.000	0.987144	0	BeginTask	1
6.500	6.000	7.000	1.288706	0	BeginTask	1
7.500	7.000	8.000	1.440420	0	BeginTask	1
8.500	8.000	9.000	4.828416	0	BeginTask	1
9.500	9.000	10.000	16.217523	0	BeginTask	1
10.500	10.000	11.000	21.908736	0	BeginTask	1
11.500	11.000	12.000	1.399037	0	BeginTask	1
12.500	12.000	13.000	5.672013	0	BeginTask	1
13.500	13.000	14.000	4.337448	0	BeginTask	1
14.500	14.000	15.000	2.912024	0	BeginTask	1
15.500	15.000	16.000	1.982404	0	FinishTask	1
16.500	16.000	17.000	0.964301	0	FinishTask	1
17.500	17.000	18.000	1.238347	1	VerticalShelf	1
18.500	18.000	19.000	1.135020	0	HandLeft	1
19.500	19.000	20.000	1.424338	0	BeginTask	1
20.500	20.000	21.000	1.596394	0	BeginTask	1
21.500	21.000	22.000	6.274176	0	BeginTask	1
22.500	22.000	23.000	26.445495	0	BeginTask	1
23.500	23.000	24.000	1.341636	0	BeginTask	1
24.500	24.000	25.000	6.356164	0	BeginTask	1
25.500	25.000	26.000	3.362358	0	BeginTask	1
26.500	26.000	27.000	4.992955	0	BeginTask	1
27.500	27.000	28.000	1.370722	0	FinishTask	1
28.500	28.000	29.000	0.950631	0	FinishTask	1
29.500	29.000	30.000	1.426796	1	VerticalShelf	1
30.500	30.000	31.000	1.300078	0	HandLeft	1
31.500	31.000	32.000	1.224866	0	BeginTask	1
32.500	32.000	33.000	3.176831	0	BeginTask	1
33.500	33.000	34.000	8.908270	0	BeginTask	1
34.500	34.000	35.000	19.835892	0	BeginTask	1
35.500	35.000	36.000	4.007373	0	BeginTask	1
36.500	36.000	37.000	4.364562	0	BeginTask	1
37.500	37.000	38.000	4.647125	0	BeginTask	1
38.500	38.000	39.000	5.904190	0	BeginTask	1
39.500	39.000	40.000	1.303788	0	FinishTask	1
40.500	40.000	41.000	1.234302	0	FinishTask	1
41.500	41.000	42.000	1.179691	1	VerticalShelf	1
42.500	42.000	43.000	1.230209	0	BeginTask	1
43.500	43.000	44.000	6.354147	0	BeginTask	1
44.500	44.000	45.000	6.083517	0	BeginTask	1
45.500	45.000	46.000	18.862545	0	BeginTask	1
46.500	46.000	47.000	7.276976	0	BeginTask	1
47.500	47.000	48.000	7.327259	0	BeginTask	1
48.500	48.000	49.000	16.002580	0	BeginTask	1
49.500	49.000	50.000	2.154338	0	BeginTask	1
50.500	50.000	51.000	1.065960	0	FinishTask	1
51.500	51.000	52.000	1.071567	1	VerticalShelf	1
52.500	52.000	53.000	1.588983	0	HandLeft	1
53.500	53.000	54.000	1.344066	0	BeginTask	1
54.500	54.000	55.000	6.643392	0	BeginTask	1
55.500	55.000	56.000	11.309175	0	BeginTask	1
56.500	56.000	57.000	11.497962	0	BeginTask	1
57.500	57.000	58.000	5.256177	0	BeginTask	1
58.500	58.000	59.000	5.812314	0	BeginTask	1
59.500	59.000	60.000	4.773492	0	BeginTask	1
60.500	60.000	61.000	3.433289	0	BeginTask	1
61.500	61.000	62.000	1.148775	0	FinishTask	1
62.500	62.000	63.000	1.046102	1	VerticalShelf	1
63.500	63.000	64.000	1.431126	0	HandLeft	1
64.500	64.000	65.000	1.294069	0	BeginTask	1
65.500	65.000	66.000	1.979354	0	BeginTask	1
66.500	66.000	67.000	11.397422	0	BeginTask	1
67.500	67.000	68.000	25.179344	0	BeginTask	1
68.500	68.000	69.000	3.504571	0	BeginTask	1
69.500	69.000	70.000	4.445838	0	BeginTask	1
70.500	70.000	71.000	6.661214	0	BeginTask	1
71.500	71.000	72.000	9.837921	0	BeginTask	1
72.500	72.000	73.000	1.854274	0	BeginTask	1
73.500	73.000	74.000	1.327793	0	FinishTask	1
74.500	74.000	75.000	1.438636	0	FinishTask	1
75.500	75.000	76.000	0.912428	1	VerticalShelf	1
76.500	76.000	77.000	1.182155	0	BeginTask	1
77.500	77.000	78.000	3.272256	0	BeginTask	1
78.500	78.000	79.000	13.336521	0	BeginTask	1
79.500	79.000	80.000	34.385397	0	BeginTask	1
80.500	80.000	81.000	1.132197	0	BeginTask	1
81.500	81.000	82.000	4.797364	0	BeginTask	1
82.500	82.000	83.000	6.998599	0	BeginTask	1
83.500	83.000	84.000	3.380193	0	BeginTask	1
84.500	84.000	85.000	0.791338	0	FinishTask	1
85.500	85.000	86.000	1.541307	1	VerticalShelf	1
86.500	86.000	87.000	1.553281	0	HandLeft	1
87.500	87.000	88.000	1.095991	0	BeginTask	1
88.500	88.000	89.000	2.545129	0	BeginTask	1
89.500	89.000	90.000	6.151203	0	BeginTask	1
90.500	90.000	91.000	22.003832	0	BeginTask	1
91.500	91.000	92.000	1.743851	0	BeginTask	1
92.500	92.000	93.000	8.564349	0	BeginTask	1
93.500	93.000	94.000	5.550497	0	BeginTask	1
94.500	94.000	95.000	12.069769	0	BeginTask	1
95.500	95.000	96.000	1.191283	0	BeginTask	1
96.500	96.000	97.000	1.055586	0	FinishTask	1
97.500	97.000	98.000	1.105115	1	VerticalShelf	1
98.500	98.000	99.000	1.114692	0	HandLeft	1
99.500	99.000	100.000	1.380428	0	BeginTask	1
100.500	100.000	101.000	1.941034	0	BeginTask	1
101.500	101.000	102.000	6.294632	0	BeginTask	1
102.500	102.000	103.000	16.270200	0	BeginTask	1
103.500	103.000	104.000	14.345788	0	BeginTask	1
104.500	104.000	105.000	4.263217	0	BeginTask	1
105.500	105.000	106.000	6.203641	0	BeginTask	1
106.500	106.000	107.000	5.515693	0	BeginTask	1
107.500	107.000	108.000	1.710172	0	FinishTask	1
108.500	108.000	109.000	1.033226	0	FinishTask	1
109.500	109.000	110.000	1.045351	1	VerticalShelf	1
110.500	110.000	111.000	1.370536	0	HandLeft	1
111.500	111.000	112.000	0.976985	0	BeginTask	1
112.500	112.000	113.000	4.826600	0	BeginTask	1
113.500	113.000	114.000	11.080887	0	BeginTask	1
114.500	114.000	115.000	28.212362	0	BeginTask	1
115.500	115.000	116.000	2.865210	0	BeginTask	1
116.500	116.000	117.000	2.139406	0	BeginTask	1
117.500	117.000	118.000	5.016005	0	BeginTask	1
118.500	118.000	119.000	7.568194	0	BeginTask	1
119.500	119.000	120.000	1.328663	0	FinishTask	1
120.500	120.000	121.000	1.006683	0	FinishTask	1
121.120	121.000	121.240	0.095768	0	FinishTask	1
