# Windowed IMU NJS Results
# Source: 015 013 2024-07-31 15-35-23.txt
# Window: 1.0 sec (last window partial if needed)
# Gap threshold for segments: 0.1 sec
# NJS proxy = (∫ jerk^2 dt * T^2) / (∫ accel^2 dt)
# is_task=1 means window mostly inside rehab activity (SideToSide/Pour/VerticalSip/VerticalShelf)

t_mid_abs	window_start_s	window_end_s	njs	is_task	activity	segment_id
0.500	0.000	1.000	1.528636	0	None	1
1.500	1.000	2.000	0.940108	0	Pour	1
2.500	2.000	3.000	1.340217	1	Pour	1
3.500	3.000	4.000	1.074692	0	HandRight	1
4.500	4.000	5.000	0.948928	0	BeginTask	1
5.500	5.000	6.000	1.363875	0	BeginTask	1
6.500	6.000	7.000	8.733818	0	BeginTask	1
7.500	7.000	8.000	6.718668	0	BeginTask	1
8.500	8.000	9.000	0.555509	0	BeginTask	1
9.500	9.000	10.000	0.660427	0	BeginTask	1
10.500	10.000	11.000	3.497573	0	BeginTask	1
11.500	11.000	12.000	2.942384	0	BeginTask	1
12.500	12.000	13.000	1.025319	0	FinishTask	1
13.500	13.000	14.000	1.309222	1	Pour	1
14.500	14.000	15.000	1.147571	0	BeginTask	1
15.500	15.000	16.000	9.192164	0	BeginTask	1
16.500	16.000	17.000	1.348905	0	BeginTask	1
17.500	17.000	18.000	0.508002	0	BeginTask	1
18.500	18.000	19.000	0.477779	0	BeginTask	1
19.500	19.000	20.000	2.416420	0	BeginTask	1
20.500	20.000	21.000	16.796716	0	BeginTask	1
21.500	21.000	22.000	0.390342	0	FinishTask	1
22.500	22.000	23.000	1.011703	1	Pour	1
23.500	23.000	24.000	1.177181	0	BeginTask	1
24.500	24.000	25.000	7.506519	0	BeginTask	1
25.500	25.000	26.000	3.054897	0	BeginTask	1
26.500	26.000	27.000	0.818609	0	BeginTask	1
27.500	27.000	28.000	1.649855	0	BeginTask	1
28.500	28.000	29.000	2.254179	0	BeginTask	1
29.500	29.000	30.000	1.232045	0	BeginTask	1
30.500	30.000	31.000	1.281980	0	BeginTask	1
31.500	31.000	32.000	1.174653	0	FinishTask	1
32.500	32.000	33.000	0.753115	1	Pour	1
33.500	33.000	34.000	1.008111	0	BeginTask	1
34.500	34.000	35.000	3.395594	0	BeginTask	1
35.500	35.000	36.000	2.698292	0	BeginTask	1
36.500	36.000	37.000	0.777091	0	BeginTask	1
37.500	37.000	38.000	1.037498	0	BeginTask	1
38.500	38.000	39.000	3.338356	0	BeginTask	1
39.500	39.000	40.000	1.849017	0	BeginTask	1
40.500	40.000	41.000	15.340562	0	BeginTask	1
41.500	41.000	42.000	1.559592	1	Pour	1
42.500	42.000	43.000	1.101576	0	HandRight	1
43.500	43.000	44.000	4.898804	0	BeginTask	1
44.500	44.000	45.000	3.887413	0	BeginTask	1
45.500	45.000	46.000	1.281388	0	BeginTask	1
46.500	46.000	47.000	0.701994	0	BeginTask	1
47.500	47.000	48.000	1.633843	0	BeginTask	1
48.500	48.000	49.000	6.033634	0	BeginTask	1
49.500	49.000	50.000	5.906402	0	BeginTask	1
50.500	50.000	51.000	1.340878	0	BeginTask	1
51.500	51.000	52.000	1.377676	0	FinishTask	1
52.500	52.000	53.000	0.967243	0	HandRight	1
53.500	53.000	54.000	1.354706	0	BeginTask	1
54.500	54.000	55.000	5.555145	0	BeginTask	1
55.500	55.000	56.000	1.407644	0	BeginTask	1
56.500	56.000	57.000	1.634948	0	BeginTask	1
57.500	57.000	58.000	1.149584	0	BeginTask	1
58.500	58.000	59.000	4.865741	0	BeginTask	1
59.500	59.000	60.000	6.569009	0	BeginTask	1
60.500	60.000	61.000	1.355857	0	BeginTask	1
61.500	61.000	62.000	1.595248	0	FinishTask	1
62.500	62.000	63.000	0.988928	1	Pour	1
63.500	63.000	64.000	1.626241	0	BeginTask	1
64.500	64.000	65.000	5.410402	0	BeginTask	1
65.500	65.000	66.000	4.085621	0	BeginTask	1
66.500	66.000	67.000	0.912433	0	BeginTask	1
67.500	67.000	68.000	0.501027	0	BeginTask	1
68.500	68.000	69.000	3.017891	0	BeginTask	1
69.500	69.000	70.000	2.084953	0	BeginTask	1
70.500	70.000	71.000	2.833113	0	BeginTask	1
71.500	71.000	72.000	1.436331	0	FinishTask	1
72.500	72.000	73.000	1.216980	1	Pour	1
73.500	73.000	74.000	1.356726	0	BeginTask	1
74.500	74.000	75.000	12.926686	0	BeginTask	1
75.500	75.000	76.000	3.701382	0	BeginTask	1
76.500	76.000	77.000	0.778121	0	BeginTask	1
77.500	77.000	78.000	0.456150	0	BeginTask	1
78.500	78.000	79.000	1.958864	0	BeginTask	1
79.500	79.000	80.000	2.048790	0	BeginTask	1
80.500	80.000	81.000	4.245117	0	BeginTask	1
81.500	81.000	82.000	0.988243	0	FinishTask	1
82.500	82.000	83.000	1.099532	0	HandRight	1
83.500	83.000	84.000	1.386871	0	BeginTask	1
84.500	84.000	85.000	7.204752	0	BeginTask	1
85.500	85.000	86.000	2.399227	0	BeginTask	1
86.500	86.000	87.000	1.018074	0	BeginTask	1
87.500	87.000	88.000	0.363220	0	BeginTask	1
88.500	88.000	89.000	3.107418	0	BeginTask	1
89.500	89.000	90.000	3.328774	0	BeginTask	1
90.500	90.000	91.000	3.111042	0	BeginTask	1
91.500	91.000	92.000	1.273505	0	FinishTask	1
92.500	92.000	93.000	1.261995	0	HandRight	1
93.500	93.000	94.000	1.360409	0	BeginTask	1
94.500	94.000	95.000	9.012469	0	BeginTask	1
95.500	95.000	96.000	2.371274	0	BeginTask	1
96.500	96.000	97.000	0.649380	0	BeginTask	1
97.500	97.000	98.000	1.258617	0	BeginTask	1
98.500	98.000	99.000	4.441427	0	BeginTask	1
99.500	99.000	100.000	2.893150	0	BeginTask	1
100.500	100.000	101.000	0.862680	0	FinishTask	1
101.200	101.000	101.400	0.176965	0	FinishTask	1
