# Windowed IMU NJS Results
# Source: 010 009 2024-04-12 13-11-27.txt
# Window: 1.0 sec (last window partial if needed)
# Gap threshold for segments: 0.1 sec
# NJS proxy = (∫ jerk^2 dt * T^2) / (∫ accel^2 dt)
# is_task=1 means window mostly inside rehab activity (SideToSide/Pour/VerticalSip/VerticalShelf)

t_mid_abs	window_start_s	window_end_s	njs	is_task	activity	segment_id
0.500	0.000	1.000	1.010599	0	None	1
1.500	1.000	2.000	1.483995	1	Pour	1
2.500	2.000	3.000	1.188416	0	HandLeft	1
3.500	3.000	4.000	1.401566	0	BeginTask	1
4.500	4.000	5.000	1.378698	0	BeginTask	1
5.500	5.000	6.000	2.606377	0	BeginTask	1
6.500	6.000	7.000	1.971728	0	BeginTask	1
7.500	7.000	8.000	0.432316	0	BeginTask	1
8.500	8.000	9.000	0.639484	0	BeginTask	1
9.500	9.000	10.000	2.235968	0	BeginTask	1
10.500	10.000	11.000	1.388054	0	BeginTask	1
11.500	11.000	12.000	41.497459	0	BeginTask	1
12.500	12.000	13.000	1.123202	0	FinishTask	1
13.500	13.000	14.000	1.168752	1	Pour	1
14.500	14.000	15.000	1.456227	0	HandLeft	1
15.500	15.000	16.000	1.591118	0	BeginTask	1
16.500	16.000	17.000	1.602362	0	BeginTask	1
17.500	17.000	18.000	0.596991	0	BeginTask	1
18.500	18.000	19.000	0.394044	0	BeginTask	1
19.500	19.000	20.000	0.562649	0	BeginTask	1
20.500	20.000	21.000	0.893566	0	BeginTask	1
21.500	21.000	22.000	1.258440	0	BeginTask	1
22.500	22.000	23.000	14.158001	0	BeginTask	1
23.500	23.000	24.000	1.143339	0	FinishTask	1
24.500	24.000	25.000	0.799132	1	Pour	1
25.500	25.000	26.000	1.151341	0	BeginTask	1
26.500	26.000	27.000	2.250594	0	BeginTask	1
27.500	27.000	28.000	1.974793	0	BeginTask	1
28.500	28.000	29.000	0.371941	0	BeginTask	1
29.500	29.000	30.000	0.305961	0	BeginTask	1
30.500	30.000	31.000	0.235680	0	BeginTask	1
31.500	31.000	32.000	2.747642	0	BeginTask	1
32.500	32.000	33.000	21.989625	0	BeginTask	1
33.500	33.000	34.000	1.260538	0	FinishTask	1
34.500	34.000	35.000	0.972076	0	FinishTask	1
35.500	35.000	36.000	1.528714	1	Pour	1
36.500	36.000	37.000	1.433328	0	BeginTask	1
37.500	37.000	38.000	1.046051	0	BeginTask	1
38.500	38.000	39.000	3.185180	0	BeginTask	1
39.500	39.000	40.000	0.902965	0	BeginTask	1
40.500	40.000	41.000	0.476403	0	BeginTask	1
41.500	41.000	42.000	0.406617	0	BeginTask	1
42.500	42.000	43.000	0.895335	0	BeginTask	1
43.500	43.000	44.000	3.372020	0	BeginTask	1
44.500	44.000	45.000	4.936095	0	BeginTask	1
45.500	45.000	46.000	1.258122	0	FinishTask	1
46.500	46.000	47.000	1.725874	1	Pour	1
47.500	47.000	48.000	1.079417	0	HandLeft	1
48.500	48.000	49.000	2.060348	0	BeginTask	1
49.500	49.000	50.000	3.776120	0	BeginTask	1
50.500	50.000	51.000	0.756702	0	BeginTask	1
51.500	51.000	52.000	0.310317	0	BeginTask	1
52.500	52.000	53.000	0.328035	0	BeginTask	1
53.500	53.000	54.000	0.691691	0	BeginTask	1
54.500	54.000	55.000	3.991943	0	BeginTask	1
55.500	55.000	56.000	4.878420	0	BeginTask	1
56.500	56.000	57.000	1.264986	0	FinishTask	1
57.500	57.000	58.000	0.663320	0	HandLeft	1
58.500	58.000	59.000	1.315469	0	HandLeft	1
59.500	59.000	60.000	2.549142	0	BeginTask	1
60.500	60.000	61.000	1.496318	0	BeginTask	1
61.500	61.000	62.000	0.524706	0	BeginTask	1
62.500	62.000	63.000	0.621060	0	BeginTask	1
63.500	63.000	64.000	0.408561	0	BeginTask	1
64.500	64.000	65.000	6.220366	0	BeginTask	1
65.500	65.000	66.000	12.261285	0	BeginTask	1
66.500	66.000	67.000	1.587572	0	FinishTask	1
67.500	67.000	68.000	1.351849	1	Pour	1
68.500	68.000	69.000	1.806045	0	HandLeft	1
69.500	69.000	70.000	1.349432	0	BeginTask	1
70.500	70.000	71.000	2.968964	0	BeginTask	1
71.500	71.000	72.000	1.459474	0	BeginTask	1
72.500	72.000	73.000	0.536718	0	BeginTask	1
73.500	73.000	74.000	0.422702	0	BeginTask	1
74.500	74.000	75.000	0.367930	0	BeginTask	1
75.500	75.000	76.000	2.039101	0	BeginTask	1
76.500	76.000	77.000	15.129201	0	BeginTask	1
77.500	77.000	78.000	1.251315	0	FinishTask	1
78.500	78.000	79.000	1.375201	0	FinishTask	1
79.500	79.000	80.000	1.012514	0	FinishTask	1
80.500	80.000	81.000	1.292145	1	Pour	1
81.500	81.000	82.000	1.353285	0	BeginTask	1
82.500	82.000	83.000	2.285552	0	BeginTask	1
83.500	83.000	84.000	1.975238	0	BeginTask	1
84.500	84.000	85.000	1.173626	0	BeginTask	1
85.500	85.000	86.000	0.592384	0	BeginTask	1
86.500	86.000	87.000	0.567077	0	BeginTask	1
87.500	87.000	88.000	1.017612	0	BeginTask	1
88.500	88.000	89.000	3.727870	0	BeginTask	1
89.500	89.000	90.000	3.385018	0	BeginTask	1
90.500	90.000	91.000	1.391248	0	FinishTask	1
91.500	91.000	92.000	1.135358	1	Pour	1
92.500	92.000	93.000	1.448252	0	BeginTask	1
93.500	93.000	94.000	2.114914	0	BeginTask	1
94.500	94.000	95.000	1.584226	0	BeginTask	1
95.500	95.000	96.000	0.837497	0	BeginTask	1
96.500	96.000	97.000	0.514830	0	BeginTask	1
97.500	97.000	98.000	0.562851	0	BeginTask	1
98.500	98.000	99.000	1.606208	0	BeginTask	1
99.500	99.000	100.000	5.286737	0	BeginTask	1
100.500	100.000	101.000	1.582432	0	BeginTask	1
101.500	101.000	102.000	1.547189	0	FinishTask	1
102.500	102.000	103.000	0.822878	1	Pour	1
103.500	103.000	104.000	1.481059	0	HandLeft	1
104.500	104.000	105.000	2.054937	0	BeginTask	1
105.500	105.000	106.000	4.131542	0	BeginTask	1
106.500	106.000	107.000	0.995008	0	BeginTask	1
107.500	107.000	108.000	0.563341	0	BeginTask	1
108.500	108.000	109.000	0.423932	0	BeginTask	1
109.500	109.000	110.000	1.264995	0	BeginTask	1
110.500	110.000	111.000	4.072014	0	BeginTask	1
111.500	111.000	112.000	4.354555	0	BeginTask	1
112.500	112.000	113.000	1.250842	0	FinishTask	1
113.280	113.000	113.560	0.319856	0	FinishTask	1
