# Windowed IMU NJS Results
# Source: 001 1 2023-11-1 13-21-04.txt
# Window: 1.0 sec (last window partial if needed)
# Gap threshold for segments: 0.1 sec
# NJS proxy = (∫ jerk^2 dt * T^2) / (∫ accel^2 dt)
# is_task=1 means window mostly inside rehab activity (SideToSide/Pour/VerticalSip/VerticalShelf)

t_mid_abs	window_start_s	window_end_s	njs	is_task	activity	segment_id
0.500	0.000	1.000	1.301262	0	None	1
1.500	1.000	2.000	1.592699	0	None	1
2.500	2.000	3.000	1.575199	0	VerticalSip	1
3.500	3.000	4.000	1.154221	1	VerticalSip	1
4.500	4.000	5.000	1.278701	0	HandLeft	1
5.500	5.000	6.000	1.159674	0	BeginTask	1
6.500	6.000	7.000	1.205786	0	BeginTask	1
7.500	7.000	8.000	2.160864	0	BeginTask	1
8.500	8.000	9.000	5.683031	0	BeginTask	1
9.500	9.000	10.000	5.917645	0	BeginTask	1
10.500	10.000	11.000	4.657386	0	BeginTask	1
11.500	11.000	12.000	6.084365	0	BeginTask	1
12.500	12.000	13.000	1.371702	0	FinishTask	1
13.500	13.000	14.000	1.394028	0	FinishTask	1
14.500	14.000	15.000	1.410410	1	VerticalSip	1
15.500	15.000	16.000	1.461333	0	HandLeft	1
16.500	16.000	17.000	1.118635	0	BeginTask	1
17.500	17.000	18.000	1.664719	0	BeginTask	1
18.500	18.000	19.000	3.036470	0	BeginTask	1
19.500	19.000	20.000	3.336656	0	BeginTask	1
20.500	20.000	21.000	6.378639	0	BeginTask	1
21.500	21.000	22.000	2.487524	0	BeginTask	1
22.500	22.000	23.000	1.914585	0	BeginTask	1
23.500	23.000	24.000	1.175824	0	FinishTask	1
24.500	24.000	25.000	1.423511	1	VerticalSip	1
25.500	25.000	26.000	1.831112	1	VerticalSip	1
26.500	26.000	27.000	1.118909	0	HandLeft	1
27.500	27.000	28.000	1.468429	0	BeginTask	1
28.500	28.000	29.000	14.412135	0	BeginTask	1
29.500	29.000	30.000	1.861363	0	BeginTask	1
30.500	30.000	31.000	2.159392	0	BeginTask	1
31.500	31.000	32.000	6.145267	0	BeginTask	1
32.500	32.000	33.000	11.769944	0	BeginTask	1
33.500	33.000	34.000	1.178181	0	FinishTask	1
34.500	34.000	35.000	1.271255	0	FinishTask	1
35.500	35.000	36.000	1.320515	1	VerticalSip	1
36.500	36.000	37.000	0.764037	0	HandLeft	1
37.500	37.000	38.000	1.568071	0	BeginTask	1
38.500	38.000	39.000	4.192104	0	BeginTask	1
39.500	39.000	40.000	1.504295	0	BeginTask	1
40.500	40.000	41.000	2.378347	0	BeginTask	1
41.500	41.000	42.000	5.009474	0	BeginTask	1
42.500	42.000	43.000	16.475761	0	BeginTask	1
43.500	43.000	44.000	1.100502	0	BeginTask	1
44.500	44.000	45.000	1.133365	0	FinishTask	1
45.500	45.000	46.000	0.865211	1	VerticalSip	1
46.500	46.000	47.000	1.473250	0	HandLeft	1
47.500	47.000	48.000	1.524488	0	BeginTask	1
48.500	48.000	49.000	2.089518	0	BeginTask	1
49.500	49.000	50.000	28.020219	0	BeginTask	1
50.500	50.000	51.000	1.669455	0	BeginTask	1
51.500	51.000	52.000	4.603755	0	BeginTask	1
52.500	52.000	53.000	71.340216	0	BeginTask	1
53.500	53.000	54.000	1.198452	0	BeginTask	1
54.500	54.000	55.000	1.317169	0	FinishTask	1
55.500	55.000	56.000	0.915300	1	VerticalSip	1
56.500	56.000	57.000	1.437021	0	HandLeft	1
57.500	57.000	58.000	1.760911	0	HandLeft	1
58.500	58.000	59.000	1.493679	0	BeginTask	1
59.500	59.000	60.000	16.855262	0	BeginTask	1
60.500	60.000	61.000	1.271440	0	BeginTask	1
61.500	61.000	62.000	2.409346	0	BeginTask	1
62.500	62.000	63.000	5.617865	0	BeginTask	1
63.500	63.000	64.000	1.211037	0	BeginTask	1
64.500	64.000	65.000	2.085292	0	FinishTask	1
65.500	65.000	66.000	1.117272	1	VerticalSip	1
66.500	66.000	67.000	1.277871	1	VerticalSip	1
67.500	67.000	68.000	1.414468	0	HandLeft	1
68.500	68.000	69.000	1.508997	0	BeginTask	1
69.500	69.000	70.000	3.687791	0	BeginTask	1
70.500	70.000	71.000	2.526747	0	BeginTask	1
71.500	71.000	72.000	2.331068	0	BeginTask	1
72.500	72.000	73.000	2.645040	0	BeginTask	1
73.500	73.000	74.000	3.377318	0	BeginTask	1
74.500	74.000	75.000	1.192891	0	BeginTask	1
75.500	75.000	76.000	1.572848	0	FinishTask	1
76.500	76.000	77.000	1.536522	1	VerticalSip	1
77.500	77.000	78.000	1.133879	1	VerticalSip	1
78.500	78.000	79.000	1.403730	0	HandLeft	1
79.500	79.000	80.000	1.353583	0	BeginTask	1
80.500	80.000	81.000	2.039071	0	BeginTask	1
81.500	81.000	82.000	2.148354	0	BeginTask	1
82.500	82.000	83.000	2.887339	0	BeginTask	1
83.500	83.000	84.000	5.643943	0	BeginTask	1
84.500	84.000	85.000	32.651303	0	BeginTask	1
85.500	85.000	86.000	0.987336	0	BeginTask	1
86.500	86.000	87.000	1.096531	0	FinishTask	1
87.500	87.000	88.000	1.304102	1	VerticalSip	1
88.500	88.000	89.000	1.382137	0	HandLeft	1
89.500	89.000	90.000	0.875192	0	BeginTask	1
90.500	90.000	91.000	0.886514	0	BeginTask	1
91.500	91.000	92.000	3.654136	0	BeginTask	1
92.500	92.000	93.000	2.203388	0	BeginTask	1
93.500	93.000	94.000	2.419430	0	BeginTask	1
94.500	94.000	95.000	5.150869	0	BeginTask	1
95.500	95.000	96.000	1.365520	0	BeginTask	1
96.500	96.000	97.000	0.983107	0	FinishTask	1
97.500	97.000	98.000	1.982722	1	VerticalSip	1
98.500	98.000	99.000	1.601513	0	HandLeft	1
99.500	99.000	100.000	1.412612	0	BeginTask	1
100.500	100.000	101.000	2.478829	0	BeginTask	1
101.500	101.000	102.000	2.696561	0	BeginTask	1
102.500	102.000	103.000	6.520087	0	BeginTask	1
103.500	103.000	104.000	41.190742	0	BeginTask	1
104.500	104.000	105.000	1.795965	0	BeginTask	1
105.500	105.000	106.000	1.044402	0	FinishTask	1
106.490	106.000	106.980	2.101436	0	FinishTask	1
