# Windowed IMU NJS Results
# Source: 009 008 2024-03-29 14-44-55.txt
# Window: 1.0 sec (last window partial if needed)
# Gap threshold for segments: 0.1 sec
# NJS proxy = (∫ jerk^2 dt * T^2) / (∫ accel^2 dt)
# is_task=1 means window mostly inside rehab activity (SideToSide/Pour/VerticalSip/VerticalShelf)

t_mid_abs	window_start_s	window_end_s	njs	is_task	activity	segment_id
0.500	0.000	1.000	1.410649	0	None	1
1.500	1.000	2.000	2.140312	1	Pour	1
2.500	2.000	3.000	1.692919	0	HandLeft	1
3.500	3.000	4.000	2.108933	0	BeginTask	1
4.500	4.000	5.000	3.529540	0	BeginTask	1
5.500	5.000	6.000	2.729254	0	BeginTask	1
6.500	6.000	7.000	2.207113	0	BeginTask	1
7.500	7.000	8.000	1.799313	0	BeginTask	1
8.500	8.000	9.000	0.596954	0	BeginTask	1
9.500	9.000	10.000	5.840568	0	BeginTask	1
10.500	10.000	11.000	15.265946	0	BeginTask	1
11.500	11.000	12.000	1.373430	0	FinishTask	1
12.500	12.000	13.000	1.456372	1	Pour	1
13.500	13.000	14.000	2.070479	0	BeginTask	1
14.500	14.000	15.000	2.555974	0	BeginTask	1
15.500	15.000	16.000	2.677645	0	BeginTask	1
16.500	16.000	17.000	1.322580	0	BeginTask	1
17.500	17.000	18.000	1.070606	0	BeginTask	1
18.500	18.000	19.000	1.134577	0	BeginTask	1
19.500	19.000	20.000	4.040806	0	BeginTask	1
20.500	20.000	21.000	12.700706	0	BeginTask	1
21.500	21.000	22.000	1.601188	0	FinishTask	1
22.500	22.000	23.000	1.347779	1	Pour	1
23.500	23.000	24.000	1.434377	0	HandLeft	1
24.500	24.000	25.000	2.164139	0	BeginTask	1
25.500	25.000	26.000	3.675420	0	BeginTask	1
26.500	26.000	27.000	2.315023	0	BeginTask	1
27.500	27.000	28.000	1.351194	0	BeginTask	1
28.500	28.000	29.000	1.041424	0	BeginTask	1
29.500	29.000	30.000	3.387569	0	BeginTask	1
30.500	30.000	31.000	17.904425	0	BeginTask	1
31.500	31.000	32.000	1.669360	0	FinishTask	1
32.500	32.000	33.000	2.017329	1	Pour	1
33.500	33.000	34.000	1.770460	0	HandLeft	1
34.500	34.000	35.000	5.252563	0	BeginTask	1
35.500	35.000	36.000	4.190669	0	BeginTask	1
36.500	36.000	37.000	1.417146	0	BeginTask	1
37.500	37.000	38.000	0.648278	0	BeginTask	1
38.500	38.000	39.000	1.380212	0	BeginTask	1
39.500	39.000	40.000	4.039833	0	BeginTask	1
40.500	40.000	41.000	7.943882	0	BeginTask	1
41.500	41.000	42.000	1.415028	0	FinishTask	1
42.500	42.000	43.000	1.062786	1	Pour	1
43.500	43.000	44.000	2.398645	0	BeginTask	1
44.500	44.000	45.000	3.018068	0	BeginTask	1
45.500	45.000	46.000	4.014348	0	BeginTask	1
46.500	46.000	47.000	2.342113	0	BeginTask	1
47.500	47.000	48.000	1.064490	0	BeginTask	1
48.500	48.000	49.000	1.317632	0	BeginTask	1
49.500	49.000	50.000	3.635642	0	BeginTask	1
50.500	50.000	51.000	5.444187	0	BeginTask	1
51.500	51.000	52.000	1.653867	0	FinishTask	1
52.500	52.000	53.000	1.761277	1	Pour	1
53.500	53.000	54.000	2.201974	0	HandLeft	1
54.500	54.000	55.000	4.022635	0	BeginTask	1
55.500	55.000	56.000	2.512602	0	BeginTask	1
56.500	56.000	57.000	1.618776	0	BeginTask	1
57.500	57.000	58.000	0.661424	0	BeginTask	1
58.500	58.000	59.000	1.095696	0	BeginTask	1
59.500	59.000	60.000	2.913078	0	BeginTask	1
60.500	60.000	61.000	43.334824	0	BeginTask	1
61.500	61.000	62.000	1.504986	0	BeginTask	1
62.500	62.000	63.000	1.722767	0	FinishTask	1
63.500	63.000	64.000	1.798740	1	Pour	1
64.500	64.000	65.000	1.948034	0	HandLeft	1
65.500	65.000	66.000	1.919360	0	BeginTask	1
66.500	66.000	67.000	2.339273	0	BeginTask	1
67.500	67.000	68.000	1.225783	0	BeginTask	1
68.500	68.000	69.000	0.951158	0	BeginTask	1
69.500	69.000	70.000	0.912203	0	BeginTask	1
70.500	70.000	71.000	4.706873	0	BeginTask	1
71.500	71.000	72.000	19.881440	0	BeginTask	1
72.500	72.000	73.000	1.224705	0	FinishTask	1
73.500	73.000	74.000	1.205903	1	Pour	1
74.500	74.000	75.000	2.195111	0	HandLeft	1
75.500	75.000	76.000	5.332498	0	BeginTask	1
76.500	76.000	77.000	3.271335	0	BeginTask	1
77.500	77.000	78.000	1.045690	0	BeginTask	1
78.500	78.000	79.000	1.344595	0	BeginTask	1
79.500	79.000	80.000	1.126723	0	BeginTask	1
80.500	80.000	81.000	6.182519	0	BeginTask	1
81.500	81.000	82.000	38.952337	0	BeginTask	1
82.500	82.000	83.000	2.131288	0	FinishTask	1
83.500	83.000	84.000	3.066161	1	Pour	1
84.500	84.000	85.000	1.123406	0	BeginTask	1
85.500	85.000	86.000	2.866460	0	BeginTask	1
86.500	86.000	87.000	1.997701	0	BeginTask	1
87.500	87.000	88.000	1.003346	0	BeginTask	1
88.500	88.000	89.000	1.175278	0	BeginTask	1
89.500	89.000	90.000	0.940599	0	BeginTask	1
90.500	90.000	91.000	5.805183	0	BeginTask	1
91.500	91.000	92.000	5.179875	0	BeginTask	1
92.500	92.000	93.000	2.369602	0	FinishTask	1
93.500	93.000	94.000	1.689963	1	Pour	1
94.500	94.000	95.000	1.755040	0	HandLeft	1
95.500	95.000	96.000	1.120286	0	BeginTask	1
96.500	96.000	97.000	4.643105	0	BeginTask	1
97.500	97.000	98.000	1.653528	0	BeginTask	1
98.500	98.000	99.000	1.453223	0	BeginTask	1
99.500	99.000	100.000	1.306174	0	BeginTask	1
100.500	100.000	101.000	5.669775	0	BeginTask	1
101.500	101.000	102.000	24.287206	0	BeginTask	1
102.500	102.000	103.000	2.278599	0	BeginTask	1
103.500	103.000	104.000	2.314489	0	FinishTask	1
104.090	104.000	104.180	0.057225	0	FinishTask	1
